Solving original (integer) problem with strategy gdp.hull_exact_conic_sqrt_extra_var...
--- Job model.gms Start 01/09/26 02:54:58 52.2.0 d8e408be LEX-LEG x86 64bit/Linux
--- Applying:
    /package/gams/52.2/gmsprmun.txt
--- GAMS Parameters defined
    Input /local/scratch/a/sgusev/repos/random_quadratic4/data/gams_gurobi_gdp.hull_exact_conic_sqrt_extra_var/no_mode/2026-01-09_02-53-43/original/model.gms
    Output /local/scratch/a/sgusev/repos/random_quadratic4/data/gams_gurobi_gdp.hull_exact_conic_sqrt_extra_var/no_mode/2026-01-09_02-53-43/original/output.lst
    ScrDir /local/scratch/a/sgusev/repos/random_quadratic4/data/gams_gurobi_gdp.hull_exact_conic_sqrt_extra_var/no_mode/2026-01-09_02-53-43/original/225a/
    SysDir /package/gams/52.2/
    CurDir /local/scratch/a/sgusev/repos/random_quadratic4/data/gams_gurobi_gdp.hull_exact_conic_sqrt_extra_var/no_mode/2026-01-09_02-53-43/original/
    LogOption 3
    AppendLog 1
Licensee: David Bernal / SECQUOIA Research Group         G251008+0003Ac-GEN
          Purdue University, Davidson School of Chemical EngineeringDCE4838
          225a/gamslice.dat
          5a82958a-fbca-4a23
          node:66820903 mem:995 cores:48 ipport:53105 v:2                  
          Evaluation license: Not for commercial or production use
          The time-limited license stops working on : Jun 30, 2027
System information: 48 physical cores and 995 Gb physical memory detected
GAMS 52.2.0   Copyright (C) 1987-2025 GAMS Development. All rights reserved
--- Starting compilation
--- model.gms(122099) 29 Mb
--- model.gms(123680) 31 Mb
--- model.gms(129730) 37 Mb
--- model.gms(131259) 38 Mb
--- model.gms(137339) 44 Mb
--- model.gms(138832) 45 Mb
--- model.gms(144896) 50 Mb
--- model.gms(146384) 52 Mb
--- model.gms(152483) 57 Mb
--- model.gms(153951) 59 Mb
--- model.gms(160039) 65 Mb
--- model.gms(161516) 66 Mb
--- model.gms(167626) 71 Mb
--- model.gms(169137) 72 Mb
--- model.gms(175213) 78 Mb
--- model.gms(176719) 80 Mb
--- model.gms(182806) 85 Mb
--- model.gms(191238) 86 Mb
--- model.gms(191251) 87 Mb
--- $echo File /local/scratch/a/sgusev/repos/random_quadratic4/data/gams_gurobi_gdp.hull_exact_conic_sqrt_extra_var/no_mode/2026-01-09_02-53-43/original/gurobi.opt
--- model.gms(208499) 89 Mb
--- model.gms(223972) 91 Mb
--- model.gms(285556) 98 Mb
--- model.gms(300698) 99 Mb
--- model.gms(311591) 111 Mb
--- Starting execution: elapsed 0:00:02.795
--- model.gms(191260) 112 Mb
--- Generating MINLP model GAMS_MODEL
--- model.gms(139540) 131 Mb
--- model.gms(147435) 138 Mb
--- model.gms(179357) 165 Mb
--- model.gms(191264) 169 Mb
--- model.gms(191264) 169 Mb
---   63,229 rows  57,045 columns  1,102,533 non-zeroes
---   151,403 nl-code  48,404 nl-non-zeroes
---   192 discrete-columns
--- Range statistics (absolute non-zero finite values)
--- RHS       [min, max] : [ 4.885E-01, 1.000E+00] - Zero values observed as well
--- Bound     [min, max] : [ 1.000E+00, 1.000E+00] - Zero values observed as well
--- Matrix    [min, max] : [ 8.950E-07, 4.125E+01] - Zero values observed as well
--- model.gms(191264) 166 Mb
--- Executing GUROBI (Solvelink=5): elapsed 0:00:03.390
Reading parameter(s) from "/local/scratch/a/sgusev/repos/random_quadratic4/data/gams_gurobi_gdp.hull_exact_conic_sqrt_extra_var/no_mode/2026-01-09_02-53-43/original/gurobi.opt"
>>  NonConvex 2
>>  Threads 1
>>  MIPGap 1e-06
>>  MIPGapAbs 1e-10
>>  FeasibilityTol 1e-06
>>  OptimalityTol 1e-06
>>  IntFeasTol 1e-05
Finished reading from "/local/scratch/a/sgusev/repos/random_quadratic4/data/gams_gurobi_gdp.hull_exact_conic_sqrt_extra_var/no_mode/2026-01-09_02-53-43/original/gurobi.opt"

... GRB_LICENSE_FILE = /local/scratch/a/sgusev/gurobi.lic

    Gurobi           52.2.0 d8e408be Dec 8, 2025           LEG x86 64bit/Linux    

... GAMS/Gurobi Link license.
... GMO Q Extraction (ThreePass): 0.01s

    Gurobi Optimizer version 13.0.0 build v13.0.0rc1 (linux64 - "Oracle Linux Server 9.7")
    
    CPU model: AMD EPYC 7643 48-Core Processor, instruction set [SSE2|AVX|AVX2]
    Thread count: 48 physical cores, 96 logical processors, using up to 1 threads
    
    Non-default parameters:
    TimeLimit  300
    MIPGap  1e-06
    LogToConsole  0
    NonConvex  2
    Threads  1
    
    Academic license 2640711 - for non-commercial use only - registered to sg___@purdue.edu
    Optimize a model with 63228 rows, 59348 columns and 1056432 nonzeros (Min)
    Model fingerprint: 0xe13c6a4b
    Model has 20 linear objective coefficients and an objective constant of 4.8846790615870739e-01
    Model has 210 quadratic objective terms
    Model has 2304 general nonlinear constraints (50688 nonlinear terms)
    Variable types: 59156 continuous, 192 integer (0 binary)
    Coefficient statistics:
      Matrix range     [9e-07, 4e+01]
      Objective range  [6e-02, 1e+00]
      QObjective range [7e-03, 8e+00]
      Bounds range     [1e+00, 1e+00]
      RHS range        [1e+00, 1e+00]
    Presolve removed 2304 rows and 2303 columns
    Presolve time: 4.05s
    Presolved: 63228 rows, 105429 columns, 1102512 nonzeros
    Presolved model has 210 quadratic objective terms
    Presolved model has 48384 quadratic constraint(s)
    Variable types: 105237 continuous, 192 integer (192 binary)
    Root relaxation presolve removed 0 rows and 1 columns
    Root relaxation presolve time: 4.52s
    Root relaxation presolved: 160884 rows, 202218 columns, 1393915 nonzeros
    Root relaxation presolved model has 48385 second-order cone constraints
    Root barrier log...
    
    Ordering time: 0.69s
    
    Barrier statistics:
     AA' NZ     : 1.172e+07
     Factor NZ  : 1.466e+07 (roughly 260 MB of memory)
     Factor Ops : 2.488e+09 (less than 1 second per iteration)
     Threads    : 1
    
                      Objective                Residual
    Iter       Primal          Dual         Primal    Dual     Compl     Time
       0   4.59802761e+02 -8.96388769e+04  5.34e+03 1.01e-01  1.65e+01     7s
       1   1.11858264e+02 -8.52267364e+04  1.73e+03 1.11e-07  4.66e+00     7s
       2   5.33326064e+00 -5.70200609e+04  1.41e+02 1.22e-13  5.13e-01     8s
       3   1.65804778e+00 -2.96648657e+04  6.63e+01 4.25e-14  2.31e-01     8s
       4   5.39720689e-01 -1.17510189e+04  2.14e+01 1.33e-14  8.04e-02     9s
       5   3.44974917e-02 -2.52417571e+03  5.41e+00 8.97e-15  1.81e-02     9s
       6   6.01352783e-03 -1.51617133e+02  1.09e+00 1.24e-14  2.10e-03    10s
       7  -1.02987416e-01 -4.98384216e+01  4.53e-01 6.45e-15  6.97e-04    11s
       8  -2.10411451e-01 -2.84396689e+01  2.74e-01 5.44e-15  3.66e-04    11s
       9  -1.77729563e-01 -2.55376007e+01  1.83e-01 3.77e-15  2.61e-04    12s
      10  -5.89144374e-01 -1.22897904e+01  6.84e-02 2.54e-15  9.17e-05    13s
      11  -7.52617713e-01 -7.59707519e+00  3.12e-02 1.84e-15  4.48e-05    13s
      12  -9.62765931e-01 -4.26845296e+00  8.60e-03 1.65e-15  1.72e-05    14s
      13  -8.88163957e-01 -2.42223642e+00  1.39e-03 2.20e-15  6.33e-06    15s
      14  -1.01605163e+00 -1.67874065e+00  8.10e-04 2.58e-15  2.87e-06    15s
      15  -1.09182260e+00 -1.50449795e+00  5.09e-04 2.55e-15  1.79e-06    16s
      16  -1.13131538e+00 -1.36289580e+00  3.52e-04 2.42e-15  1.05e-06    17s
      17  -1.16052188e+00 -1.30246810e+00  2.43e-04 3.13e-15  6.58e-07    17s
      18  -1.17586307e+00 -1.27592712e+00  1.80e-04 4.88e-15  4.70e-07    18s
      19  -1.18536634e+00 -1.25652117e+00  1.38e-04 5.77e-15  3.40e-07    18s
      20  -1.19514345e+00 -1.24002276e+00  9.24e-05 5.44e-15  2.18e-07    19s
      21  -1.19907331e+00 -1.23091299e+00  7.08e-05 3.89e-15  1.58e-07    19s
      22  -1.20140463e+00 -1.22475607e+00  5.86e-05 1.96e-15  1.20e-07    20s
      23  -1.20425720e+00 -1.21750170e+00  3.56e-05 3.44e-15  6.98e-08    20s
      24  -1.20538672e+00 -1.21151022e+00  1.84e-05 5.55e-15  3.37e-08    21s
      25  -1.20724964e+00 -1.20878243e+00  3.38e-06 4.52e-15  7.71e-09    22s
      26  -1.20727929e+00 -1.20875521e+00  3.26e-06 3.79e-15  7.43e-09    23s
      27  -1.20730632e+00 -1.20873116e+00  3.15e-06 3.72e-15  7.18e-09    24s
      28  -1.20733739e+00 -1.20870023e+00  3.03e-06 3.85e-15  6.87e-09    25s
      29  -1.20733962e+00 -1.20869845e+00  3.02e-06 3.44e-15  6.85e-09    25s
      30  -1.20734710e+00 -1.20869441e+00  2.99e-06 3.43e-15  6.79e-09    26s
      31  -1.20735028e+00 -1.20869152e+00  2.98e-06 4.62e-15  6.76e-09    27s
      32  -1.20735799e+00 -1.20868387e+00  2.95e-06 3.61e-15  6.69e-09    28s
      33  -1.20739646e+00 -1.20865339e+00  2.79e-06 3.32e-15  6.34e-09    29s
      34  -1.20740446e+00 -1.20864723e+00  2.76e-06 3.33e-15  6.27e-09    30s
      35  -1.20747859e+00 -1.20859089e+00  2.45e-06 2.91e-15  5.60e-09    30s
      36  -1.20747998e+00 -1.20858972e+00  2.45e-06 3.21e-15  5.59e-09    31s
      37  -1.20748110e+00 -1.20858902e+00  2.44e-06 5.63e-15  5.58e-09    32s
      38  -1.20748394e+00 -1.20858722e+00  2.43e-06 2.87e-15  5.56e-09    33s
      39  -1.20748915e+00 -1.20858454e+00  2.41e-06 3.57e-15  5.51e-09    33s
      40  -1.20749304e+00 -1.20858104e+00  2.39e-06 3.35e-15  5.48e-09    34s
      41  -1.20749452e+00 -1.20857959e+00  2.39e-06 3.70e-15  5.46e-09    35s
      42  -1.20751119e+00 -1.20856900e+00  2.32e-06 2.69e-15  5.32e-09    36s
      43  -1.20752333e+00 -1.20855650e+00  2.27e-06 3.70e-15  5.20e-09    37s
      44  -1.20759133e+00 -1.20848226e+00  1.98e-06 2.61e-15  4.50e-09    37s
      45  -1.20759239e+00 -1.20848042e+00  1.98e-06 3.63e-15  4.49e-09    38s
      46  -1.20759421e+00 -1.20847902e+00  1.97e-06 3.30e-15  4.47e-09    39s
      47  -1.20759601e+00 -1.20847802e+00  1.96e-06 2.54e-15  4.46e-09    39s
      48  -1.20759835e+00 -1.20847629e+00  1.95e-06 3.20e-15  4.44e-09    40s
      49  -1.20759898e+00 -1.20847585e+00  1.95e-06 3.17e-15  4.43e-09    41s
      50  -1.20760125e+00 -1.20847466e+00  1.94e-06 3.04e-15  4.41e-09    42s
      51  -1.20760209e+00 -1.20847428e+00  1.93e-06 3.30e-15  4.41e-09    43s
      52  -1.20760752e+00 -1.20847177e+00  1.91e-06 3.79e-15  4.36e-09    43s
      53  -1.20760910e+00 -1.20847050e+00  1.90e-06 3.40e-15  4.35e-09    44s
      54  -1.20761127e+00 -1.20846830e+00  1.89e-06 3.06e-15  4.33e-09    45s
      55  -1.20761338e+00 -1.20846655e+00  1.89e-06 3.41e-15  4.31e-09    46s
      56  -1.20761573e+00 -1.20846522e+00  1.88e-06 3.21e-15  4.29e-09    46s
      57  -1.20762017e+00 -1.20846229e+00  1.86e-06 2.13e-15  4.25e-09    47s
      58  -1.20762239e+00 -1.20846025e+00  1.85e-06 3.27e-15  4.23e-09    48s
      59  -1.20762269e+00 -1.20846003e+00  1.85e-06 2.89e-15  4.22e-09    49s
      60  -1.20763226e+00 -1.20845592e+00  1.80e-06 2.55e-15  4.15e-09    49s
      61  -1.20763581e+00 -1.20845229e+00  1.79e-06 3.46e-15  4.11e-09    50s
      62  -1.20763626e+00 -1.20845175e+00  1.79e-06 4.60e-15  4.11e-09    51s
      63  -1.20763693e+00 -1.20845138e+00  1.78e-06 2.52e-15  4.10e-09    52s
      64  -1.20763970e+00 -1.20844997e+00  1.77e-06 2.98e-15  4.08e-09    52s
      65  -1.20763988e+00 -1.20844974e+00  1.77e-06 2.51e-15  4.08e-09    53s
      66  -1.20764023e+00 -1.20844955e+00  1.77e-06 4.51e-15  4.08e-09    54s
      67  -1.20764262e+00 -1.20844791e+00  1.76e-06 2.77e-15  4.06e-09    55s
      68  -1.20764446e+00 -1.20844718e+00  1.75e-06 4.10e-15  4.04e-09    55s
      69  -1.20764677e+00 -1.20844287e+00  1.74e-06 2.99e-15  4.01e-09    56s
      70  -1.20764822e+00 -1.20844154e+00  1.73e-06 3.24e-15  4.00e-09    57s
      71  -1.20765362e+00 -1.20843693e+00  1.71e-06 2.69e-15  3.95e-09    58s
      72  -1.20765418e+00 -1.20843635e+00  1.71e-06 2.44e-15  3.94e-09    59s
      73  -1.20765773e+00 -1.20843402e+00  1.69e-06 2.41e-15  3.91e-09    59s
      74  -1.20765998e+00 -1.20843174e+00  1.68e-06 2.83e-15  3.89e-09    60s
      75  -1.20767386e+00 -1.20841454e+00  1.62e-06 2.66e-15  3.74e-09    61s
      76  -1.20767597e+00 -1.20841190e+00  1.61e-06 3.21e-15  3.71e-09    62s
      77  -1.20767642e+00 -1.20841145e+00  1.61e-06 3.14e-15  3.71e-09    63s
      78  -1.20768224e+00 -1.20840761e+00  1.59e-06 3.64e-15  3.66e-09    64s
      79  -1.20768264e+00 -1.20840667e+00  1.58e-06 3.27e-15  3.65e-09    64s
      80  -1.20768320e+00 -1.20840643e+00  1.58e-06 3.03e-15  3.65e-09    65s
      81  -1.20768671e+00 -1.20840335e+00  1.57e-06 3.39e-15  3.61e-09    66s
      82  -1.20768897e+00 -1.20840090e+00  1.56e-06 4.52e-15  3.59e-09    67s
      83  -1.20769331e+00 -1.20839737e+00  1.54e-06 2.71e-15  3.55e-09    67s
      84  -1.20769817e+00 -1.20839168e+00  1.52e-06 2.98e-15  3.50e-09    68s
      85  -1.20770061e+00 -1.20838885e+00  1.51e-06 2.58e-15  3.47e-09    69s
      86  -1.20770119e+00 -1.20838834e+00  1.50e-06 2.75e-15  3.46e-09    70s
      87  -1.20770159e+00 -1.20838800e+00  1.50e-06 3.40e-15  3.46e-09    71s
      88  -1.20770190e+00 -1.20838756e+00  1.50e-06 3.28e-15  3.46e-09    71s
      89  -1.20770227e+00 -1.20838697e+00  1.50e-06 5.09e-15  3.45e-09    72s
      90  -1.20770269e+00 -1.20838671e+00  1.50e-06 3.59e-15  3.45e-09    73s
      91  -1.20770359e+00 -1.20838635e+00  1.49e-06 4.19e-15  3.44e-09    74s
      92  -1.20770382e+00 -1.20838606e+00  1.49e-06 3.15e-15  3.44e-09    75s
      93  -1.20770475e+00 -1.20838536e+00  1.49e-06 3.53e-15  3.43e-09    75s
      94  -1.20770503e+00 -1.20838516e+00  1.49e-06 3.56e-15  3.43e-09    77s
      95  -1.20770558e+00 -1.20838460e+00  1.48e-06 4.08e-15  3.42e-09    77s
      96  -1.20770868e+00 -1.20837933e+00  1.47e-06 3.99e-15  3.38e-09    78s
      97  -1.20771028e+00 -1.20837728e+00  1.46e-06 4.05e-15  3.36e-09    79s
      98  -1.20771099e+00 -1.20837659e+00  1.46e-06 3.84e-15  3.36e-09    80s
      99  -1.20771263e+00 -1.20837502e+00  1.45e-06 4.03e-15  3.34e-09    81s
     100  -1.20771381e+00 -1.20837442e+00  1.45e-06 3.89e-15  3.33e-09    82s
     101  -1.20771414e+00 -1.20837425e+00  1.44e-06 4.34e-15  3.33e-09    82s
     102  -1.20771632e+00 -1.20837277e+00  1.43e-06 4.19e-15  3.31e-09    83s
     103  -1.20771931e+00 -1.20837112e+00  1.42e-06 4.20e-15  3.28e-09    84s
     104  -1.20772001e+00 -1.20837051e+00  1.42e-06 3.87e-15  3.28e-09    85s
     105  -1.20772339e+00 -1.20836638e+00  1.40e-06 4.42e-15  3.24e-09    85s
     106  -1.20772670e+00 -1.20836400e+00  1.39e-06 4.09e-15  3.21e-09    86s
     107  -1.20772702e+00 -1.20836352e+00  1.39e-06 3.86e-15  3.21e-09    87s
     108  -1.20772751e+00 -1.20836293e+00  1.39e-06 4.13e-15  3.20e-09    88s
     109  -1.20772843e+00 -1.20836224e+00  1.38e-06 3.76e-15  3.19e-09    88s
     110  -1.20772864e+00 -1.20836210e+00  1.38e-06 4.30e-15  3.19e-09    89s
     111  -1.20772895e+00 -1.20836195e+00  1.38e-06 3.81e-15  3.19e-09    90s
     112  -1.20773413e+00 -1.20835484e+00  1.36e-06 4.15e-15  3.13e-09    91s
     113  -1.20773541e+00 -1.20835338e+00  1.35e-06 4.24e-15  3.12e-09    91s
     114  -1.20773594e+00 -1.20835204e+00  1.35e-06 4.11e-15  3.11e-09    92s
     115  -1.20773613e+00 -1.20835190e+00  1.35e-06 3.60e-15  3.11e-09    93s
     116  -1.20773627e+00 -1.20835166e+00  1.35e-06 3.65e-15  3.10e-09    94s
     117  -1.20773699e+00 -1.20835137e+00  1.35e-06 3.57e-15  3.10e-09    95s
     118  -1.20773913e+00 -1.20835018e+00  1.34e-06 3.57e-15  3.08e-09    96s
     119  -1.20774124e+00 -1.20834674e+00  1.33e-06 3.70e-15  3.05e-09    96s
     120  -1.20774133e+00 -1.20834662e+00  1.33e-06 3.82e-15  3.05e-09    97s
     121  -1.20774218e+00 -1.20834600e+00  1.32e-06 3.88e-15  3.05e-09    98s
     122  -1.20774272e+00 -1.20834579e+00  1.33e-06 4.12e-15  3.04e-09    98s
     123  -1.20774418e+00 -1.20834520e+00  1.32e-06 3.52e-15  3.03e-09    99s
     124  -1.20774519e+00 -1.20834326e+00  1.32e-06 3.37e-15  3.02e-09   100s
     125  -1.20774550e+00 -1.20834295e+00  1.34e-06 3.98e-15  3.01e-09   101s
     126  -1.20774611e+00 -1.20834159e+00  1.33e-06 4.30e-15  3.00e-09   101s
     127  -1.20774836e+00 -1.20834061e+00  1.32e-06 4.81e-15  2.99e-09   102s
     128  -1.20774994e+00 -1.20833930e+00  1.32e-06 5.69e-15  2.97e-09   103s
     129  -1.20775040e+00 -1.20833892e+00  1.32e-06 5.10e-15  2.97e-09   104s
     130  -1.20775128e+00 -1.20833842e+00  1.32e-06 5.90e-15  2.96e-09   105s
     131  -1.20775239e+00 -1.20833804e+00  1.32e-06 5.65e-15  2.95e-09   105s
     132  -1.20775283e+00 -1.20833774e+00  1.32e-06 5.90e-15  2.95e-09   107s
     133  -1.20775292e+00 -1.20833766e+00  1.35e-06 6.17e-15  2.95e-09   108s
     134  -1.20775413e+00 -1.20833611e+00  1.35e-06 6.61e-15  2.93e-09   108s
     135  -1.20775759e+00 -1.20833268e+00  1.34e-06 6.51e-15  2.90e-09   109s
     136  -1.20775961e+00 -1.20833085e+00  1.33e-06 6.33e-15  2.88e-09   110s
     137  -1.20775978e+00 -1.20833057e+00  1.33e-06 6.10e-15  2.88e-09   111s
     138  -1.20776010e+00 -1.20833036e+00  1.34e-06 6.17e-15  2.87e-09   111s
     139  -1.20776140e+00 -1.20832969e+00  1.34e-06 6.60e-15  2.86e-09   112s
     140  -1.20776229e+00 -1.20832912e+00  1.37e-06 6.54e-15  2.85e-09   113s
     141  -1.20776357e+00 -1.20832607e+00  1.37e-06 5.83e-15  2.83e-09   114s
     142  -1.20776565e+00 -1.20832377e+00  1.39e-06 6.65e-15  2.81e-09   115s
     143  -1.20776616e+00 -1.20832341e+00  1.39e-06 6.60e-15  2.81e-09   115s
     144  -1.20776628e+00 -1.20832328e+00  1.39e-06 6.19e-15  2.81e-09   116s
     145  -1.20776873e+00 -1.20831860e+00  1.38e-06 5.79e-15  2.77e-09   117s
     146  -1.20776953e+00 -1.20831709e+00  1.38e-06 5.32e-15  2.76e-09   118s
     147  -1.20776997e+00 -1.20831681e+00  1.38e-06 5.91e-15  2.76e-09   119s
     148  -1.20777033e+00 -1.20831654e+00  1.38e-06 5.50e-15  2.76e-09   120s
     149  -1.20777057e+00 -1.20831644e+00  1.38e-06 5.92e-15  2.75e-09   121s
     150  -1.20777096e+00 -1.20831623e+00  1.38e-06 5.73e-15  2.75e-09   121s
     151  -1.20777187e+00 -1.20831560e+00  1.37e-06 5.52e-15  2.74e-09   122s
     152  -1.20777370e+00 -1.20831152e+00  1.37e-06 5.48e-15  2.72e-09   123s
     153  -1.20777613e+00 -1.20830890e+00  1.36e-06 5.12e-15  2.69e-09   124s
     154  -1.20777681e+00 -1.20830794e+00  1.35e-06 5.12e-15  2.68e-09   124s
     155  -1.20777928e+00 -1.20830472e+00  1.34e-06 5.38e-15  2.65e-09   125s
     156  -1.20778075e+00 -1.20830141e+00  1.35e-06 5.71e-15  2.63e-09   126s
     157  -1.20778181e+00 -1.20829955e+00  1.34e-06 4.52e-15  2.62e-09   127s
     158  -1.20778374e+00 -1.20829792e+00  1.33e-06 4.68e-15  2.60e-09   127s
     159  -1.20778554e+00 -1.20829724e+00  1.32e-06 4.34e-15  2.59e-09   128s
     160  -1.20778600e+00 -1.20829677e+00  1.32e-06 5.12e-15  2.58e-09   129s
     161  -1.20778841e+00 -1.20829348e+00  1.31e-06 4.94e-15  2.55e-09   129s
     162  -1.20778938e+00 -1.20829221e+00  1.30e-06 4.79e-15  2.54e-09   130s
     163  -1.20778979e+00 -1.20829204e+00  1.30e-06 4.82e-15  2.54e-09   131s
     164  -1.20779099e+00 -1.20829074e+00  1.30e-06 5.28e-15  2.53e-09   132s
     165  -1.20779269e+00 -1.20828923e+00  1.29e-06 5.00e-15  2.51e-09   133s
     166  -1.20779306e+00 -1.20828885e+00  1.29e-06 5.39e-15  2.51e-09   133s
     167  -1.20779361e+00 -1.20828851e+00  1.29e-06 5.28e-15  2.50e-09   134s
     168  -1.20779873e+00 -1.20828394e+00  1.27e-06 5.39e-15  2.45e-09   135s
     169  -1.20779916e+00 -1.20828342e+00  1.27e-06 5.41e-15  2.45e-09   135s
     170  -1.20779940e+00 -1.20828297e+00  1.27e-06 4.91e-15  2.44e-09   137s
     171  -1.20780377e+00 -1.20828059e+00  1.25e-06 5.02e-15  2.41e-09   137s
     172  -1.20780413e+00 -1.20828009e+00  1.24e-06 5.10e-15  2.40e-09   138s
     173  -1.20780440e+00 -1.20827972e+00  1.25e-06 4.52e-15  2.40e-09   139s
     174  -1.20780685e+00 -1.20827842e+00  1.22e-06 4.49e-15  2.38e-09   140s
     175  -1.20780744e+00 -1.20827772e+00  1.21e-06 4.15e-15  2.37e-09   141s
     176  -1.20780932e+00 -1.20827620e+00  1.20e-06 4.28e-15  2.35e-09   141s
     177  -1.20780980e+00 -1.20827563e+00  1.26e-06 4.49e-15  2.35e-09   142s
     178  -1.20781136e+00 -1.20827391e+00  1.25e-06 4.13e-15  2.33e-09   143s
     179  -1.20781184e+00 -1.20827274e+00  1.25e-06 4.38e-15  2.32e-09   143s
     180  -1.20781425e+00 -1.20826645e+00  1.24e-06 3.82e-15  2.29e-09   144s
     181  -1.20781519e+00 -1.20826569e+00  1.23e-06 4.14e-15  2.28e-09   145s
     182  -1.20781983e+00 -1.20826327e+00  1.20e-06 4.46e-15  2.24e-09   146s
     183  -1.20782260e+00 -1.20825845e+00  1.19e-06 4.68e-15  2.20e-09   146s
     184  -1.20782445e+00 -1.20825656e+00  1.18e-06 5.24e-15  2.18e-09   147s
     185  -1.20782516e+00 -1.20825557e+00  1.19e-06 4.70e-15  2.17e-09   148s
     186  -1.20782623e+00 -1.20825460e+00  1.19e-06 4.27e-15  2.16e-09   149s
     187  -1.20782708e+00 -1.20825378e+00  1.21e-06 3.58e-15  2.15e-09   149s
     188  -1.20782800e+00 -1.20825274e+00  1.20e-06 4.12e-15  2.14e-09   150s
     189  -1.20782894e+00 -1.20825066e+00  1.22e-06 3.66e-15  2.13e-09   151s
     190  -1.20782956e+00 -1.20824999e+00  1.21e-06 3.80e-15  2.12e-09   152s
     191  -1.20783096e+00 -1.20824835e+00  1.21e-06 3.87e-15  2.11e-09   153s
     192  -1.20783314e+00 -1.20824636e+00  1.21e-06 3.30e-15  2.09e-09   153s
     193  -1.20783483e+00 -1.20824363e+00  1.22e-06 3.57e-15  2.07e-09   154s
     194  -1.20783551e+00 -1.20824282e+00  1.24e-06 3.55e-15  2.06e-09   155s
     195  -1.20783599e+00 -1.20824238e+00  1.24e-06 3.90e-15  2.05e-09   155s
     196  -1.20784066e+00 -1.20823679e+00  1.21e-06 4.19e-15  2.00e-09   156s
     197  -1.20784166e+00 -1.20823555e+00  1.21e-06 4.35e-15  1.99e-09   157s
     198  -1.20784184e+00 -1.20823529e+00  1.21e-06 3.74e-15  1.99e-09   158s
     199  -1.20784249e+00 -1.20823482e+00  1.20e-06 3.68e-15  1.98e-09   158s
     200  -1.20784285e+00 -1.20823428e+00  1.20e-06 3.64e-15  1.98e-09   159s
     201  -1.20784319e+00 -1.20823403e+00  1.24e-06 3.71e-15  1.97e-09   160s
     202  -1.20784440e+00 -1.20823263e+00  1.22e-06 3.87e-15  1.96e-09   161s
     203  -1.20784526e+00 -1.20823160e+00  1.21e-06 3.44e-15  1.95e-09   162s
     204  -1.20784568e+00 -1.20823125e+00  1.21e-06 3.74e-15  1.95e-09   163s
     205  -1.20784638e+00 -1.20823095e+00  1.21e-06 4.11e-15  1.94e-09   164s
     206  -1.20784730e+00 -1.20823015e+00  1.20e-06 3.72e-15  1.93e-09   165s
     207  -1.20784818e+00 -1.20822887e+00  1.26e-06 3.55e-15  1.92e-09   165s
     208  -1.20785038e+00 -1.20822545e+00  1.25e-06 3.59e-15  1.90e-09   166s
     209  -1.20785071e+00 -1.20822504e+00  1.25e-06 3.82e-15  1.89e-09   167s
     210  -1.20785263e+00 -1.20822366e+00  1.24e-06 3.38e-15  1.87e-09   168s
     211  -1.20785282e+00 -1.20822338e+00  1.24e-06 3.44e-15  1.87e-09   168s
     212  -1.20785386e+00 -1.20822199e+00  1.23e-06 3.65e-15  1.86e-09   169s
     213  -1.20785432e+00 -1.20822099e+00  1.23e-06 3.36e-15  1.85e-09   170s
     214  -1.20785487e+00 -1.20821936e+00  1.23e-06 3.24e-15  1.84e-09   170s
     215  -1.20785506e+00 -1.20821906e+00  1.23e-06 3.63e-15  1.84e-09   171s
     216  -1.20785547e+00 -1.20821858e+00  1.23e-06 3.30e-15  1.84e-09   172s
     217  -1.20785563e+00 -1.20821841e+00  1.23e-06 3.15e-15  1.83e-09   173s
     218  -1.20785584e+00 -1.20821820e+00  1.23e-06 3.44e-15  1.83e-09   174s
     219  -1.20785615e+00 -1.20821737e+00  1.22e-06 3.18e-15  1.83e-09   175s
     220  -1.20785699e+00 -1.20821665e+00  1.22e-06 3.30e-15  1.82e-09   176s
     221  -1.20785720e+00 -1.20821637e+00  1.22e-06 3.38e-15  1.82e-09   177s
     222  -1.20785729e+00 -1.20821628e+00  1.22e-06 3.59e-15  1.82e-09   178s
     223  -1.20785737e+00 -1.20821615e+00  1.22e-06 3.49e-15  1.81e-09   179s
     224  -1.20785879e+00 -1.20821469e+00  1.21e-06 3.95e-15  1.80e-09   179s
     225  -1.20785968e+00 -1.20821395e+00  1.20e-06 3.59e-15  1.79e-09   180s
     226  -1.20786021e+00 -1.20821339e+00  1.20e-06 4.36e-15  1.79e-09   181s
     227  -1.20786115e+00 -1.20821218e+00  1.19e-06 4.61e-15  1.77e-09   182s
     228  -1.20786279e+00 -1.20821039e+00  1.18e-06 4.11e-15  1.76e-09   182s
     229  -1.20786302e+00 -1.20821006e+00  1.20e-06 3.80e-15  1.75e-09   183s
     230  -1.20786670e+00 -1.20820638e+00  1.18e-06 3.71e-15  1.72e-09   184s
     231  -1.20786680e+00 -1.20820622e+00  1.18e-06 3.24e-15  1.71e-09   185s
     232  -1.20786823e+00 -1.20820514e+00  1.17e-06 3.73e-15  1.70e-09   185s
     233  -1.20786837e+00 -1.20820498e+00  1.16e-06 3.46e-15  1.70e-09   186s
     234  -1.20787192e+00 -1.20820221e+00  1.14e-06 3.70e-15  1.67e-09   187s
     235  -1.20787220e+00 -1.20820195e+00  1.17e-06 3.77e-15  1.66e-09   187s
     236  -1.20787221e+00 -1.20820195e+00  1.17e-06 3.86e-15  1.66e-09   188s
     237  -1.20787296e+00 -1.20820082e+00  1.17e-06 3.70e-15  1.65e-09   189s
     238  -1.20787310e+00 -1.20820057e+00  1.16e-06 3.63e-15  1.65e-09   190s
     239  -1.20787341e+00 -1.20820025e+00  1.16e-06 3.56e-15  1.65e-09   191s
     240  -1.20787393e+00 -1.20819962e+00  1.16e-06 3.45e-15  1.64e-09   191s
     241  -1.20787482e+00 -1.20819790e+00  1.15e-06 4.05e-15  1.63e-09   192s
     242  -1.20787624e+00 -1.20819625e+00  1.14e-06 3.44e-15  1.61e-09   193s
     243  -1.20787729e+00 -1.20819478e+00  1.13e-06 3.45e-15  1.60e-09   194s
     244  -1.20787742e+00 -1.20819461e+00  1.13e-06 3.58e-15  1.60e-09   195s
     245  -1.20787768e+00 -1.20819423e+00  1.13e-06 3.77e-15  1.60e-09   195s
     246  -1.20787779e+00 -1.20819413e+00  1.13e-06 3.36e-15  1.60e-09   196s
     247  -1.20787788e+00 -1.20819406e+00  1.13e-06 3.39e-15  1.60e-09   197s
     248  -1.20787833e+00 -1.20819347e+00  1.13e-06 4.16e-15  1.59e-09   198s
     249  -1.20787839e+00 -1.20819336e+00  1.13e-06 3.30e-15  1.59e-09   199s
     250  -1.20787859e+00 -1.20819312e+00  1.12e-06 3.34e-15  1.59e-09   200s
     251  -1.20787888e+00 -1.20819277e+00  1.12e-06 3.35e-15  1.58e-09   200s
     252  -1.20787977e+00 -1.20819174e+00  1.11e-06 3.58e-15  1.57e-09   201s
     253  -1.20787979e+00 -1.20819170e+00  1.11e-06 3.54e-15  1.57e-09   202s
     254  -1.20787987e+00 -1.20819157e+00  1.11e-06 3.94e-15  1.57e-09   203s
     255  -1.20788009e+00 -1.20819101e+00  1.11e-06 3.39e-15  1.57e-09   204s
     256  -1.20788034e+00 -1.20819089e+00  1.12e-06 3.51e-15  1.57e-09   205s
     257  -1.20788036e+00 -1.20819089e+00  1.12e-06 3.47e-15  1.57e-09   206s
     258  -1.20788299e+00 -1.20818784e+00  1.10e-06 3.34e-15  1.54e-09   206s
     259  -1.20788307e+00 -1.20818772e+00  1.10e-06 3.27e-15  1.54e-09   207s
     260  -1.20788592e+00 -1.20818563e+00  1.08e-06 3.79e-15  1.51e-09   208s
     261  -1.20788670e+00 -1.20818366e+00  1.07e-06 3.52e-15  1.50e-09   209s
     262  -1.20788769e+00 -1.20818242e+00  1.06e-06 3.58e-15  1.49e-09   210s
     263  -1.20788803e+00 -1.20818191e+00  1.09e-06 4.08e-15  1.48e-09   210s
     264  -1.20788817e+00 -1.20818168e+00  1.09e-06 3.75e-15  1.48e-09   211s
     265  -1.20788925e+00 -1.20818044e+00  1.08e-06 3.34e-15  1.47e-09   212s
     266  -1.20788957e+00 -1.20817988e+00  1.08e-06 3.12e-15  1.46e-09   213s
     267  -1.20789043e+00 -1.20817893e+00  1.07e-06 3.20e-15  1.46e-09   213s
     268  -1.20789213e+00 -1.20817663e+00  1.05e-06 3.40e-15  1.44e-09   214s
     269  -1.20789341e+00 -1.20817491e+00  1.04e-06 3.28e-15  1.42e-09   215s
     270  -1.20789443e+00 -1.20817357e+00  1.03e-06 3.19e-15  1.41e-09   216s
     271  -1.20789499e+00 -1.20817292e+00  1.02e-06 3.53e-15  1.40e-09   217s
     272  -1.20790803e+00 -1.20815556e+00  9.15e-07 4.00e-15  1.25e-09   217s
     273  -1.20790810e+00 -1.20815548e+00  9.14e-07 4.01e-15  1.25e-09   218s
     274  -1.20790832e+00 -1.20815519e+00  9.12e-07 4.00e-15  1.25e-09   219s
     275  -1.20790848e+00 -1.20815503e+00  9.08e-07 3.55e-15  1.24e-09   220s
     276  -1.20790930e+00 -1.20815410e+00  9.00e-07 4.00e-15  1.23e-09   221s
     277  -1.20790935e+00 -1.20815402e+00  9.00e-07 4.00e-15  1.23e-09   221s
     278  -1.20791048e+00 -1.20815251e+00  8.91e-07 4.00e-15  1.22e-09   222s
     279  -1.20791234e+00 -1.20815054e+00  8.76e-07 3.11e-15  1.20e-09   223s
     280  -1.20791312e+00 -1.20814925e+00  8.70e-07 3.41e-15  1.19e-09   224s
     281  -1.20791411e+00 -1.20814776e+00  8.69e-07 3.28e-15  1.18e-09   225s
     282  -1.20791464e+00 -1.20814706e+00  9.11e-07 2.92e-15  1.17e-09   226s
     283  -1.20791492e+00 -1.20814658e+00  9.09e-07 2.99e-15  1.17e-09   226s
     284  -1.20791578e+00 -1.20814582e+00  9.07e-07 3.11e-15  1.16e-09   227s
     285  -1.20791605e+00 -1.20814541e+00  9.06e-07 3.24e-15  1.16e-09   228s
     286  -1.20791651e+00 -1.20814489e+00  9.02e-07 3.10e-15  1.15e-09   229s
     287  -1.20791691e+00 -1.20814440e+00  8.99e-07 3.27e-15  1.15e-09   230s
     288  -1.20791762e+00 -1.20814346e+00  8.93e-07 3.11e-15  1.14e-09   231s
     289  -1.20791926e+00 -1.20814228e+00  8.78e-07 3.24e-15  1.12e-09   232s
     290  -1.20791942e+00 -1.20814205e+00  8.77e-07 3.55e-15  1.12e-09   232s
     291  -1.20791956e+00 -1.20814188e+00  8.75e-07 3.55e-15  1.12e-09   233s
     292  -1.20791996e+00 -1.20814136e+00  8.72e-07 4.00e-15  1.11e-09   234s
     293  -1.20792123e+00 -1.20813882e+00  8.61e-07 4.00e-15  1.10e-09   235s
     294  -1.20792153e+00 -1.20813820e+00  9.33e-07 3.55e-15  1.09e-09   236s
     295  -1.20792205e+00 -1.20813791e+00  9.46e-07 3.55e-15  1.09e-09   237s
     296  -1.20792286e+00 -1.20813569e+00  9.38e-07 4.44e-15  1.07e-09   238s
     297  -1.20792304e+00 -1.20813543e+00  9.37e-07 4.44e-15  1.07e-09   239s
     298  -1.20792554e+00 -1.20813416e+00  9.12e-07 3.55e-15  1.05e-09   240s
     299  -1.20792648e+00 -1.20813249e+00  9.14e-07 3.13e-15  1.03e-09   240s
     300  -1.20792675e+00 -1.20813206e+00  9.12e-07 3.66e-15  1.03e-09   241s
     301  -1.20792920e+00 -1.20813092e+00  8.84e-07 2.98e-15  1.01e-09   242s
     302  -1.20793075e+00 -1.20812822e+00  8.71e-07 3.83e-15  9.88e-10   243s
     303  -1.20793169e+00 -1.20812685e+00  8.61e-07 4.04e-15  9.77e-10   243s
     304  -1.20793177e+00 -1.20812682e+00  8.60e-07 2.69e-15  9.76e-10   244s
     305  -1.20793249e+00 -1.20812580e+00  8.53e-07 3.11e-15  9.67e-10   245s
     306  -1.20793258e+00 -1.20812577e+00  8.52e-07 2.92e-15  9.66e-10   246s
     307  -1.20793297e+00 -1.20812526e+00  8.53e-07 3.33e-15  9.62e-10   247s
     308  -1.20793313e+00 -1.20812508e+00  8.52e-07 2.81e-15  9.60e-10   248s
     309  -1.20793336e+00 -1.20812467e+00  8.50e-07 2.83e-15  9.57e-10   249s
     310  -1.20793384e+00 -1.20812407e+00  8.46e-07 5.07e-15  9.51e-10   250s
     311  -1.20793412e+00 -1.20812349e+00  8.47e-07 3.10e-15  9.47e-10   251s
     312  -1.20793539e+00 -1.20812167e+00  8.37e-07 2.86e-15  9.31e-10   252s
     313  -1.20793636e+00 -1.20812030e+00  8.32e-07 2.91e-15  9.19e-10   253s
     314  -1.20793714e+00 -1.20811929e+00  8.56e-07 2.89e-15  9.10e-10   253s
     315  -1.20793723e+00 -1.20811917e+00  8.55e-07 3.08e-15  9.09e-10   254s
     316  -1.20793747e+00 -1.20811840e+00  8.69e-07 3.09e-15  9.04e-10   255s
     317  -1.20794008e+00 -1.20811716e+00  8.30e-07 2.92e-15  8.81e-10   256s
     318  -1.20794133e+00 -1.20811474e+00  8.24e-07 3.27e-15  8.63e-10   257s
     319  -1.20794301e+00 -1.20811230e+00  8.06e-07 3.24e-15  8.42e-10   258s
     320  -1.20794367e+00 -1.20811163e+00  8.03e-07 3.29e-15  8.34e-10   259s
     321  -1.20794434e+00 -1.20811055e+00  8.08e-07 4.14e-15  8.25e-10   260s
     322  -1.20794484e+00 -1.20810942e+00  8.93e-07 3.89e-15  8.18e-10   260s
     323  -1.20794512e+00 -1.20810873e+00  8.89e-07 3.01e-15  8.13e-10   261s
     324  -1.20794557e+00 -1.20810738e+00  8.82e-07 2.56e-15  8.05e-10   262s
     325  -1.20794564e+00 -1.20810711e+00  8.83e-07 2.95e-15  8.03e-10   263s
     326  -1.20794582e+00 -1.20810693e+00  8.81e-07 3.12e-15  8.01e-10   264s
     327  -1.20794599e+00 -1.20810663e+00  8.79e-07 3.11e-15  7.99e-10   265s
     328  -1.20794615e+00 -1.20810635e+00  8.76e-07 3.21e-15  7.97e-10   266s
     329  -1.20794635e+00 -1.20810600e+00  8.73e-07 3.94e-15  7.94e-10   267s
     330  -1.20794703e+00 -1.20810424e+00  9.28e-07 3.35e-15  7.83e-10   268s
     331  -1.20794704e+00 -1.20810419e+00  9.28e-07 4.02e-15  7.82e-10   268s
     332  -1.20794738e+00 -1.20810359e+00  9.29e-07 3.95e-15  7.78e-10   269s
     333  -1.20794742e+00 -1.20810350e+00  9.28e-07 4.03e-15  7.77e-10   270s
     334  -1.20794896e+00 -1.20810148e+00  9.02e-07 4.35e-15  7.59e-10   271s
     335  -1.20794906e+00 -1.20810125e+00  9.00e-07 4.32e-15  7.57e-10   272s
     336  -1.20794937e+00 -1.20810023e+00  8.99e-07 4.25e-15  7.51e-10   273s
     337  -1.20794981e+00 -1.20809843e+00  8.93e-07 4.18e-15  7.41e-10   274s
     338  -1.20795071e+00 -1.20809661e+00  8.78e-07 4.16e-15  7.28e-10   274s
     339  -1.20795118e+00 -1.20809591e+00  8.70e-07 4.62e-15  7.22e-10   275s
     340  -1.20795228e+00 -1.20809317e+00  8.53e-07 4.12e-15  7.04e-10   276s
     341  -1.20795306e+00 -1.20809233e+00  8.41e-07 3.90e-15  6.95e-10   277s
     342  -1.20795320e+00 -1.20809213e+00  8.38e-07 4.00e-15  6.93e-10   278s
     343  -1.20795383e+00 -1.20809065e+00  8.09e-07 4.45e-15  6.83e-10   279s
     344  -1.20795537e+00 -1.20808698e+00  7.83e-07 4.21e-15  6.58e-10   279s
     345  -1.20795980e+00 -1.20807731e+00  6.81e-07 5.77e-15  5.89e-10   280s
     346  -1.20796526e+00 -1.20806346e+00  5.95e-07 1.20e-14  4.97e-10   281s
     347  -1.20796702e+00 -1.20806132e+00  5.63e-07 1.33e-14  4.76e-10   282s
     348  -1.20796741e+00 -1.20806044e+00  5.57e-07 1.29e-14  4.70e-10   283s
     349  -1.20796742e+00 -1.20806039e+00  5.56e-07 1.33e-14  4.69e-10   283s
     350  -1.20796878e+00 -1.20805857e+00  5.37e-07 1.29e-14  4.52e-10   284s
     351  -1.20797013e+00 -1.20805716e+00  5.16e-07 1.38e-14  4.36e-10   285s
     352  -1.20797301e+00 -1.20804970e+00  4.64e-07 1.33e-14  3.86e-10   286s
     353  -1.20797370e+00 -1.20804809e+00  4.72e-07 1.42e-14  3.74e-10   287s
     354  -1.20797380e+00 -1.20804787e+00  4.70e-07 1.38e-14  3.73e-10   288s
     355  -1.20797418e+00 -1.20804725e+00  6.80e-07 1.64e-14  3.67e-10   289s
     356  -1.20797421e+00 -1.20804716e+00  6.79e-07 1.64e-14  3.66e-10   289s
     357  -1.20797452e+00 -1.20804650e+00  6.69e-07 1.60e-14  3.62e-10   290s
     358  -1.20797641e+00 -1.20804050e+00  6.13e-07 1.24e-14  3.24e-10   291s
     359  -1.20797641e+00 -1.20804049e+00  6.12e-07 1.24e-14  3.24e-10   292s
     360  -1.20797657e+00 -1.20804026e+00  7.29e-07 1.24e-14  3.22e-10   293s
     361  -1.20798028e+00 -1.20803059e+00  5.81e-07 2.22e-14  2.55e-10   294s
     362  -1.20798052e+00 -1.20802977e+00  5.88e-07 2.40e-14  2.50e-10   295s
     363  -1.20798083e+00 -1.20802888e+00  5.77e-07 2.00e-14  2.44e-10   296s
     364  -1.20798112e+00 -1.20802787e+00  5.68e-07 1.95e-14  2.38e-10   297s
     365  -1.20798129e+00 -1.20802751e+00  5.62e-07 1.73e-14  2.35e-10   297s
     366  -1.20798184e+00 -1.20802587e+00  5.43e-07 1.51e-14  2.24e-10   298s
     367  -1.20798242e+00 -1.20802414e+00  6.59e-07 1.73e-14  2.12e-10   299s
     368  -1.20798269e+00 -1.20802347e+00  6.45e-07 1.78e-14  2.07e-10   300s
    
    Barrier performed 368 iterations in 300.01 seconds (402.31 work units)
    Time limit reached
    
    
    Root relaxation: time limit, 0 iterations, 295.73 seconds (393.53 work units)
    
        Nodes    |    Current Node    |     Objective Bounds      |     Work
     Expl Unexpl |  Obj  Depth IntInf | Incumbent    BestBd   Gap | It/Node Time
    
         0     0          -    0               - -135.48338      -     -  300s
    
    Explored 1 nodes (0 simplex iterations) in 300.02 seconds (402.34 work units)
    Thread count was 1 (of 96 available processors)
    
    Solution count 0
    
    Time limit reached
    Best objective -, best bound -1.354833777832e+02, gap -
    
    User-callback calls 0, time in user-callback 0.00 sec

--- Reading solution for model GAMS_MODEL
***
*** Solver did not provide marginals for model GAMS_MODEL
***
--- Executing after solve: elapsed 0:05:03.717
--- model.gms(191267) 166 Mb
--- model.gms(311591) 168 Mb
--- Putfile results /local/scratch/a/sgusev/repos/random_quadratic4/data/gams_gurobi_gdp.hull_exact_conic_sqrt_extra_var/no_mode/2026-01-09_02-53-43/original/results.dat
--- Putfile statresults /local/scratch/a/sgusev/repos/random_quadratic4/data/gams_gurobi_gdp.hull_exact_conic_sqrt_extra_var/no_mode/2026-01-09_02-53-43/original/resultsstat.dat
*** Status: Normal completion
--- model.gms(311591) 165 Mb
--- Job model.gms Stop 01/09/26 03:00:02 elapsed 0:05:03.869
Original problem solved. Time taken: 310.1245186328888 seconds
Original objective value: 0.4884679061587074
